; FBX 7.4.0 project file
; ----------------------------------------------------

FBXHeaderExtension:  {
	FBXHeaderVersion: 1003
	FBXVersion: 7400
	CreationTimeStamp:  {
		Version: 1000
		Year: 2023
		Month: 1
		Day: 14
		Hour: 16
		Minute: 20
		Second: 28
		Millisecond: 691
	}
	Creator: "FBX SDK/FBX Plugins version 2018.1"
	SceneInfo: "SceneInfo::GlobalInfo", "UserData" {
		Type: "UserData"
		Version: 100
		MetaData:  {
			Version: 100
			Title: ""
			Subject: ""
			Author: ""
			Keywords: ""
			Revision: ""
			Comment: ""
		}
		Properties70:  {
			P: "DocumentUrl", "KString", "Url", "", "C:\Users\Administrator\Desktop\chibang.FBX"
			P: "SrcDocumentUrl", "KString", "Url", "", "C:\Users\Administrator\Desktop\chibang.FBX"
			P: "Original", "Compound", "", ""
			P: "Original|ApplicationVendor", "KString", "", "", "Autodesk"
			P: "Original|ApplicationName", "KString", "", "", "3ds Max"
			P: "Original|ApplicationVersion", "KString", "", "", "2018"
			P: "Original|DateTime_GMT", "DateTime", "", "", "14/01/2023 08:20:28.691"
			P: "Original|FileName", "KString", "", "", "C:\Users\Administrator\Desktop\chibang.FBX"
			P: "LastSaved", "Compound", "", ""
			P: "LastSaved|ApplicationVendor", "KString", "", "", "Autodesk"
			P: "LastSaved|ApplicationName", "KString", "", "", "3ds Max"
			P: "LastSaved|ApplicationVersion", "KString", "", "", "2018"
			P: "LastSaved|DateTime_GMT", "DateTime", "", "", "14/01/2023 08:20:28.691"
			P: "Original|ApplicationActiveProject", "KString", "", "", "C:\Users\Administrator\Documents\3dsMax"
		}
	}
}
GlobalSettings:  {
	Version: 1000
	Properties70:  {
		P: "UpAxis", "int", "Integer", "",1
		P: "UpAxisSign", "int", "Integer", "",1
		P: "FrontAxis", "int", "Integer", "",2
		P: "FrontAxisSign", "int", "Integer", "",1
		P: "CoordAxis", "int", "Integer", "",0
		P: "CoordAxisSign", "int", "Integer", "",1
		P: "OriginalUpAxis", "int", "Integer", "",2
		P: "OriginalUpAxisSign", "int", "Integer", "",1
		P: "UnitScaleFactor", "double", "Number", "",2
		P: "OriginalUnitScaleFactor", "double", "Number", "",2
		P: "AmbientColor", "ColorRGB", "Color", "",0.588235318660736,0.588235318660736,0.588235318660736
		P: "DefaultCamera", "KString", "", "", "Producer Perspective"
		P: "TimeMode", "enum", "", "",6
		P: "TimeProtocol", "enum", "", "",2
		P: "SnapOnFrameMode", "enum", "", "",0
		P: "TimeSpanStart", "KTime", "Time", "",0
		P: "TimeSpanStop", "KTime", "Time", "",46186158000
		P: "CustomFrameRate", "double", "Number", "",-1
		P: "TimeMarker", "Compound", "", ""
		P: "CurrentTimeMarker", "int", "Integer", "",-1
	}
}

; Documents Description
;------------------------------------------------------------------

Documents:  {
	Count: 1
	Document: 2044154404256, "", "Scene" {
		Properties70:  {
			P: "SourceObject", "object", "", ""
			P: "ActiveAnimStackName", "KString", "", "", ""
		}
		RootNode: 0
	}
}

; Document References
;------------------------------------------------------------------

References:  {
}

; Object definitions
;------------------------------------------------------------------

Definitions:  {
	Version: 100
	Count: 146
	ObjectType: "GlobalSettings" {
		Count: 1
	}
	ObjectType: "AnimationStack" {
		Count: 1
		PropertyTemplate: "FbxAnimStack" {
			Properties70:  {
				P: "Description", "KString", "", "", ""
				P: "LocalStart", "KTime", "Time", "",0
				P: "LocalStop", "KTime", "Time", "",0
				P: "ReferenceStart", "KTime", "Time", "",0
				P: "ReferenceStop", "KTime", "Time", "",0
			}
		}
	}
	ObjectType: "AnimationLayer" {
		Count: 1
		PropertyTemplate: "FbxAnimLayer" {
			Properties70:  {
				P: "Weight", "Number", "", "A",100
				P: "Mute", "bool", "", "",0
				P: "Solo", "bool", "", "",0
				P: "Lock", "bool", "", "",0
				P: "Color", "ColorRGB", "Color", "",0.8,0.8,0.8
				P: "BlendMode", "enum", "", "",0
				P: "RotationAccumulationMode", "enum", "", "",0
				P: "ScaleAccumulationMode", "enum", "", "",0
				P: "BlendModeBypass", "ULongLong", "", "",0
			}
		}
	}
	ObjectType: "Model" {
		Count: 17
		PropertyTemplate: "FbxNode" {
			Properties70:  {
				P: "QuaternionInterpolate", "enum", "", "",0
				P: "RotationOffset", "Vector3D", "Vector", "",0,0,0
				P: "RotationPivot", "Vector3D", "Vector", "",0,0,0
				P: "ScalingOffset", "Vector3D", "Vector", "",0,0,0
				P: "ScalingPivot", "Vector3D", "Vector", "",0,0,0
				P: "TranslationActive", "bool", "", "",0
				P: "TranslationMin", "Vector3D", "Vector", "",0,0,0
				P: "TranslationMax", "Vector3D", "Vector", "",0,0,0
				P: "TranslationMinX", "bool", "", "",0
				P: "TranslationMinY", "bool", "", "",0
				P: "TranslationMinZ", "bool", "", "",0
				P: "TranslationMaxX", "bool", "", "",0
				P: "TranslationMaxY", "bool", "", "",0
				P: "TranslationMaxZ", "bool", "", "",0
				P: "RotationOrder", "enum", "", "",0
				P: "RotationSpaceForLimitOnly", "bool", "", "",0
				P: "RotationStiffnessX", "double", "Number", "",0
				P: "RotationStiffnessY", "double", "Number", "",0
				P: "RotationStiffnessZ", "double", "Number", "",0
				P: "AxisLen", "double", "Number", "",10
				P: "PreRotation", "Vector3D", "Vector", "",0,0,0
				P: "PostRotation", "Vector3D", "Vector", "",0,0,0
				P: "RotationActive", "bool", "", "",0
				P: "RotationMin", "Vector3D", "Vector", "",0,0,0
				P: "RotationMax", "Vector3D", "Vector", "",0,0,0
				P: "RotationMinX", "bool", "", "",0
				P: "RotationMinY", "bool", "", "",0
				P: "RotationMinZ", "bool", "", "",0
				P: "RotationMaxX", "bool", "", "",0
				P: "RotationMaxY", "bool", "", "",0
				P: "RotationMaxZ", "bool", "", "",0
				P: "InheritType", "enum", "", "",0
				P: "ScalingActive", "bool", "", "",0
				P: "ScalingMin", "Vector3D", "Vector", "",0,0,0
				P: "ScalingMax", "Vector3D", "Vector", "",1,1,1
				P: "ScalingMinX", "bool", "", "",0
				P: "ScalingMinY", "bool", "", "",0
				P: "ScalingMinZ", "bool", "", "",0
				P: "ScalingMaxX", "bool", "", "",0
				P: "ScalingMaxY", "bool", "", "",0
				P: "ScalingMaxZ", "bool", "", "",0
				P: "GeometricTranslation", "Vector3D", "Vector", "",0,0,0
				P: "GeometricRotation", "Vector3D", "Vector", "",0,0,0
				P: "GeometricScaling", "Vector3D", "Vector", "",1,1,1
				P: "MinDampRangeX", "double", "Number", "",0
				P: "MinDampRangeY", "double", "Number", "",0
				P: "MinDampRangeZ", "double", "Number", "",0
				P: "MaxDampRangeX", "double", "Number", "",0
				P: "MaxDampRangeY", "double", "Number", "",0
				P: "MaxDampRangeZ", "double", "Number", "",0
				P: "MinDampStrengthX", "double", "Number", "",0
				P: "MinDampStrengthY", "double", "Number", "",0
				P: "MinDampStrengthZ", "double", "Number", "",0
				P: "MaxDampStrengthX", "double", "Number", "",0
				P: "MaxDampStrengthY", "double", "Number", "",0
				P: "MaxDampStrengthZ", "double", "Number", "",0
				P: "PreferedAngleX", "double", "Number", "",0
				P: "PreferedAngleY", "double", "Number", "",0
				P: "PreferedAngleZ", "double", "Number", "",0
				P: "LookAtProperty", "object", "", ""
				P: "UpVectorProperty", "object", "", ""
				P: "Show", "bool", "", "",1
				P: "NegativePercentShapeSupport", "bool", "", "",1
				P: "DefaultAttributeIndex", "int", "Integer", "",-1
				P: "Freeze", "bool", "", "",0
				P: "LODBox", "bool", "", "",0
				P: "Lcl Translation", "Lcl Translation", "", "A",0,0,0
				P: "Lcl Rotation", "Lcl Rotation", "", "A",0,0,0
				P: "Lcl Scaling", "Lcl Scaling", "", "A",1,1,1
				P: "Visibility", "Visibility", "", "A",1
				P: "Visibility Inheritance", "Visibility Inheritance", "", "",1
			}
		}
	}
	ObjectType: "NodeAttribute" {
		Count: 29
		PropertyTemplate: "FbxNull" {
			Properties70:  {
				P: "Color", "ColorRGB", "Color", "",0.8,0.8,0.8
				P: "Size", "double", "Number", "",100
				P: "Look", "enum", "", "",1
			}
		}
	}
	ObjectType: "Geometry" {
		Count: 1
		PropertyTemplate: "FbxMesh" {
			Properties70:  {
				P: "Color", "ColorRGB", "Color", "",0.8,0.8,0.8
				P: "BBoxMin", "Vector3D", "Vector", "",0,0,0
				P: "BBoxMax", "Vector3D", "Vector", "",0,0,0
				P: "Primary Visibility", "bool", "", "",1
				P: "Casts Shadows", "bool", "", "",1
				P: "Receive Shadows", "bool", "", "",1
			}
		}
	}
	ObjectType: "Material" {
		Count: 1
		PropertyTemplate: "FbxSurfacePhong" {
			Properties70:  {
				P: "ShadingModel", "KString", "", "", "Phong"
				P: "MultiLayer", "bool", "", "",0
				P: "EmissiveColor", "Color", "", "A",0,0,0
				P: "EmissiveFactor", "Number", "", "A",1
				P: "AmbientColor", "Color", "", "A",0.2,0.2,0.2
				P: "AmbientFactor", "Number", "", "A",1
				P: "DiffuseColor", "Color", "", "A",0.8,0.8,0.8
				P: "DiffuseFactor", "Number", "", "A",1
				P: "Bump", "Vector3D", "Vector", "",0,0,0
				P: "NormalMap", "Vector3D", "Vector", "",0,0,0
				P: "BumpFactor", "double", "Number", "",1
				P: "TransparentColor", "Color", "", "A",0,0,0
				P: "TransparencyFactor", "Number", "", "A",0
				P: "DisplacementColor", "ColorRGB", "Color", "",0,0,0
				P: "DisplacementFactor", "double", "Number", "",1
				P: "VectorDisplacementColor", "ColorRGB", "Color", "",0,0,0
				P: "VectorDisplacementFactor", "double", "Number", "",1
				P: "SpecularColor", "Color", "", "A",0.2,0.2,0.2
				P: "SpecularFactor", "Number", "", "A",1
				P: "ShininessExponent", "Number", "", "A",20
				P: "ReflectionColor", "Color", "", "A",0,0,0
				P: "ReflectionFactor", "Number", "", "A",1
			}
		}
	}
	ObjectType: "Texture" {
		Count: 2
		PropertyTemplate: "FbxFileTexture" {
			Properties70:  {
				P: "TextureTypeUse", "enum", "", "",0
				P: "Texture alpha", "Number", "", "A",1
				P: "CurrentMappingType", "enum", "", "",0
				P: "WrapModeU", "enum", "", "",0
				P: "WrapModeV", "enum", "", "",0
				P: "UVSwap", "bool", "", "",0
				P: "PremultiplyAlpha", "bool", "", "",1
				P: "Translation", "Vector", "", "A",0,0,0
				P: "Rotation", "Vector", "", "A",0,0,0
				P: "Scaling", "Vector", "", "A",1,1,1
				P: "TextureRotationPivot", "Vector3D", "Vector", "",0,0,0
				P: "TextureScalingPivot", "Vector3D", "Vector", "",0,0,0
				P: "CurrentTextureBlendMode", "enum", "", "",1
				P: "UVSet", "KString", "", "", "default"
				P: "UseMaterial", "bool", "", "",0
				P: "UseMipMap", "bool", "", "",0
			}
		}
	}
	ObjectType: "AnimationCurve" {
		Count: 57
	}
	ObjectType: "AnimationCurveNode" {
		Count: 19
		PropertyTemplate: "FbxAnimCurveNode" {
			Properties70:  {
				P: "d", "Compound", "", ""
			}
		}
	}
	ObjectType: "Deformer" {
		Count: 14
	}
	ObjectType: "Pose" {
		Count: 1
	}
	ObjectType: "Video" {
		Count: 2
		PropertyTemplate: "FbxVideo" {
			Properties70:  {
				P: "Path", "KString", "XRefUrl", "", ""
				P: "RelPath", "KString", "XRefUrl", "", ""
				P: "Color", "ColorRGB", "Color", "",0.8,0.8,0.8
				P: "ClipIn", "KTime", "Time", "",0
				P: "ClipOut", "KTime", "Time", "",0
				P: "Offset", "KTime", "Time", "",0
				P: "PlaySpeed", "double", "Number", "",0
				P: "FreeRunning", "bool", "", "",0
				P: "Loop", "bool", "", "",0
				P: "Mute", "bool", "", "",0
				P: "AccessMode", "enum", "", "",0
				P: "ImageSequence", "bool", "", "",0
				P: "ImageSequenceOffset", "int", "Integer", "",0
				P: "FrameRate", "double", "Number", "",0
				P: "LastFrame", "int", "Integer", "",0
				P: "Width", "int", "Integer", "",0
				P: "Height", "int", "Integer", "",0
				P: "StartFrame", "int", "Integer", "",0
				P: "StopFrame", "int", "Integer", "",0
				P: "InterlaceMode", "enum", "", "",0
			}
		}
	}
}

; Object properties
;------------------------------------------------------------------

Objects:  {
	NodeAttribute: 2043041591648, "NodeAttribute::", "Null" {
		TypeFlags: "Null"
	}
	NodeAttribute: 2043041592704, "NodeAttribute::", "Null" {
		TypeFlags: "Null"
	}
	NodeAttribute: 2043041586016, "NodeAttribute::", "Null" {
		TypeFlags: "Null"
	}
	NodeAttribute: 2043041588656, "NodeAttribute::", "Null" {
		TypeFlags: "Null"
	}
	NodeAttribute: 2043041589888, "NodeAttribute::", "Null" {
		TypeFlags: "Null"
	}
	NodeAttribute: 2043041592352, "NodeAttribute::", "Null" {
		TypeFlags: "Null"
	}
	NodeAttribute: 2043041590064, "NodeAttribute::", "Null" {
		TypeFlags: "Null"
	}
	NodeAttribute: 2043041592528, "NodeAttribute::", "Null" {
		TypeFlags: "Null"
	}
	NodeAttribute: 2043041591824, "NodeAttribute::", "Null" {
		TypeFlags: "Null"
	}
	NodeAttribute: 2043041593584, "NodeAttribute::", "Null" {
		TypeFlags: "Null"
	}
	NodeAttribute: 2043041585136, "NodeAttribute::", "Null" {
		TypeFlags: "Null"
	}
	NodeAttribute: 2043041587424, "NodeAttribute::", "Null" {
		TypeFlags: "Null"
	}
	NodeAttribute: 2043041583728, "NodeAttribute::", "Null" {
		TypeFlags: "Null"
	}
	NodeAttribute: 2043041593760, "NodeAttribute::", "Null" {
		TypeFlags: "Null"
	}
	NodeAttribute: 2043041583904, "NodeAttribute::", "Null" {
		TypeFlags: "Null"
	}
	NodeAttribute: 2043041590768, "NodeAttribute::", "Null" {
		TypeFlags: "Null"
	}
	Geometry: 2044369873616, "Geometry::", "Mesh" {
		Properties70:  {
			P: "Color", "ColorRGB", "Color", "",0.333333333333333,0.87843137254902,0.768627450980392
		}
		Vertices: *84 {
			a: 2.24684143066406,0,-40.1833114624023,44.2819213867188,0,-32.1938591003418,19.17919921875,0,13.4363403320313,-5.94202136993408,0,0,66.2939987182617,0,-17.4855918884277,39.8287010192871,0,35.7846984863281,88.5119018554688,0,-7.27740001678467,64.725700378418,0,50.5176010131836,122.10009765625,0,4.0560998916626,97.5297012329102,0,51.5181999206543,140.549606323242,0,14.3250999450684,121.668502807617,0,53.4967994689941,154.773406982422,0,25.3904991149902,160.393203735352,0,66.7602996826172,-2.97506427764893,0,-40.1833114624023,6.07023811340332,0,0,-19.17919921875,0,13.4363403320313,-43.3959808349609,0,-32.1938591003418,-39.8287010192871,0,35.7846984863281,-66.2939987182617,0,-17.4855918884277,-64.725700378418,0,50.5176010131836,-88.5119018554688,0,-7.27740001678467,-97.5297012329102,0,51.5181999206543,-122.10009765625,0,4.0560998916626,-121.668502807617,0,53.4967994689941,-140.549606323242,0,14.3250999450684,-160.393203735352,0,66.7602996826172,-154.773406982422,0,25.3904991149902
		} 
		PolygonVertexIndex: *72 {
			a: 1,2,-4,3,0,-2,2,1,-5,4,5,-3,5,4,-7,6,7,-6,6,8,-10,9,7,-7,8,10,-12,11,9,-9,11,10,-13,12,13,-12,15,16,-18,17,14,-16,16,18,-20,19,17,-17,18,20,-22,21,19,-19,22,23,-22,21,20,-23,24,25,-24,23,22,-25,24,26,-28,27,25,-25
		} 
		Edges: *50 {
			a: 0,1,2,3,4,7,8,9,10,13,14,15,16,18,19,20,21,24,25,26,27,31,32,33,34,36,37,38,39,40,42,43,44,45,48,49,50,51,54,55,56,58,60,61,62,64,66,67,68,69
		} 
		GeometryVersion: 124
		LayerElementNormal: 0 {
			Version: 102
			Name: ""
			MappingInformationType: "ByPolygonVertex"
			ReferenceInformationType: "Direct"
			Normals: *216 {
				a: 0,-1,0,0,-1,0,0,-1,0,0,-1,0,0,-1,0,0,-1,0,0,-1,0,0,-1,0,0,-1,0,0,-1,0,0,-1,0,0,-1,0,0,-1,0,0,-1,0,0,-1,0,0,-1,0,0,-1,0,0,-1,0,0,-1,0,0,-1,0,0,-1,0,0,-1,0,0,-1,0,0,-1,0,0,-1,0,0,-1,0,0,-1,0,0,-1,0,0,-1,0,0,-1,0,0,-1,0,0,-1,0,0,-1,0,0,-1,0,0,-1,0,0,-1,0,0,-1,0,0,-1,0,0,-1,0,0,-1,0,0,-1,0,0,-1,0,0,-1,0,0,-1,0,0,-1,0,0,-1,0,0,-1,0,0,-1,0,0,-1,0,0,-1,0,0,-1,0,0,-1,0,0,-1,0,0,-1,0,0,-1,0,0,-1,0,0,-1,0,0,-1,0,0,-1,0,0,-1,0,0,-1,0,0,-1,0,0,-1,0,0,-1,0,0,-1,0,0,-1,0,0,-1,0,0,-1,0,0,-1,0,0,-1,0,0,-1,0,0,-1,0
			} 
			NormalsW: *72 {
				a: 0,0,0,0,0,0,0,0,0,0,0,0,0,0,0,0,0,0,0,0,0,0,0,0,0,0,0,0,0,0,0,0,0,0,0,0,0,0,0,0,0,0,0,0,0,0,0,0,0,0,0,0,0,0,0,0,0,0,0,0,0,0,0,0,0,0,0,0,0,0,0,0
			} 
		}
		LayerElementUV: 0 {
			Version: 101
			Name: "UVChannel_1"
			MappingInformationType: "ByPolygonVertex"
			ReferenceInformationType: "IndexToDirect"
			UV: *28 {
				a: 0.162900000810623,0.0882000029087067,0.340400010347366,0.188999995589256,0.12950000166893,0.528900027275085,0.0225000008940697,0.426099985837936,0.435099989175797,0.314900010824203,0.246399998664856,0.662699997425079,0.56360000371933,0.421900004148483,0.391799986362457,0.76419997215271,0.763599991798401,0.506600022315979,0.59170001745224,0.785300016403198,0.871599972248077,0.577700018882751,0.738300025463104,0.808399975299835,0.953400015830994,0.651899993419647,0.968800008296967,0.90719997882843
			} 
			UVIndex: *72 {
				a: 1,2,3,3,0,1,2,1,4,4,5,2,5,4,6,6,7,5,6,8,9,9,7,6,8,10,11,11,9,8,11,10,12,12,13,11,3,2,1,1,0,3,2,5,4,4,1,2,5,7,6,6,4,5,9,8,6,6,7,9,11,10,8,8,9,11,11,13,12,12,10,11
			} 
		}
		LayerElementVisibility: 0 {
			Version: 101
			Name: ""
			MappingInformationType: "ByEdge"
			ReferenceInformationType: "Direct"
			Visibility: *50 {
				a: 1,1,0,1,1,1,0,1,1,1,0,1,1,1,1,0,1,1,1,0,1,1,0,1,1,1,1,0,1,1,1,1,0,1,1,1,0,1,1,1,0,1,1,1,0,1,1,1,0,1
			} 
		}
		LayerElementMaterial: 0 {
			Version: 101
			Name: ""
			MappingInformationType: "AllSame"
			ReferenceInformationType: "IndexToDirect"
			Materials: *1 {
				a: 0
			} 
		}
		Layer: 0 {
			Version: 100
			LayerElement:  {
				Type: "LayerElementNormal"
				TypedIndex: 0
			}
			LayerElement:  {
				Type: "LayerElementMaterial"
				TypedIndex: 0
			}
			LayerElement:  {
				Type: "LayerElementVisibility"
				TypedIndex: 0
			}
			LayerElement:  {
				Type: "LayerElementUV"
				TypedIndex: 0
			}
		}
	}
	NodeAttribute: 2044159079632, "NodeAttribute::", "LimbNode" {
		Properties70:  {
			P: "Size", "double", "Number", "",172.329565048218
		}
		TypeFlags: "Skeleton"
	}
	NodeAttribute: 2044159079824, "NodeAttribute::", "LimbNode" {
		Properties70:  {
			P: "Size", "double", "Number", "",202.942642211914
		}
		TypeFlags: "Skeleton"
	}
	NodeAttribute: 2044159078672, "NodeAttribute::", "LimbNode" {
		Properties70:  {
			P: "Size", "double", "Number", "",14
		}
		TypeFlags: "Skeleton"
	}
	NodeAttribute: 2044159078096, "NodeAttribute::", "LimbNode" {
		Properties70:  {
			P: "Size", "double", "Number", "",202.506998062134
		}
		TypeFlags: "Skeleton"
	}
	NodeAttribute: 2044159079056, "NodeAttribute::", "LimbNode" {
		Properties70:  {
			P: "Size", "double", "Number", "",229.734683990479
		}
		TypeFlags: "Skeleton"
	}
	NodeAttribute: 2044159078288, "NodeAttribute::", "LimbNode" {
		Properties70:  {
			P: "Size", "double", "Number", "",169.538352966309
		}
		TypeFlags: "Skeleton"
	}
	NodeAttribute: 2044159078480, "NodeAttribute::", "LimbNode" {
		Properties70:  {
			P: "Size", "double", "Number", "",286.53205871582
		}
		TypeFlags: "Skeleton"
	}
	NodeAttribute: 2044159079248, "NodeAttribute::", "LimbNode" {
		Properties70:  {
			P: "Size", "double", "Number", "",172.329605102539
		}
		TypeFlags: "Skeleton"
	}
	NodeAttribute: 2043912126000, "NodeAttribute::", "LimbNode" {
		Properties70:  {
			P: "Size", "double", "Number", "",202.942708969116
		}
		TypeFlags: "Skeleton"
	}
	NodeAttribute: 2043044585664, "NodeAttribute::", "LimbNode" {
		Properties70:  {
			P: "Size", "double", "Number", "",202.507024765015
		}
		TypeFlags: "Skeleton"
	}
	NodeAttribute: 2043044588160, "NodeAttribute::", "LimbNode" {
		Properties70:  {
			P: "Size", "double", "Number", "",229.73473739624
		}
		TypeFlags: "Skeleton"
	}
	NodeAttribute: 2043044588736, "NodeAttribute::", "LimbNode" {
		Properties70:  {
			P: "Size", "double", "Number", "",169.538366317749
		}
		TypeFlags: "Skeleton"
	}
	NodeAttribute: 2043044587008, "NodeAttribute::", "LimbNode" {
		Properties70:  {
			P: "Size", "double", "Number", "",286.532005310059
		}
		TypeFlags: "Skeleton"
	}
	Model: 2043041654448, "Model::Root", "Null" {
		Version: 232
		Properties70:  {
			P: "PreRotation", "Vector3D", "Vector", "",-90,-0,0
			P: "RotationActive", "bool", "", "",1
			P: "InheritType", "enum", "", "",1
			P: "ScalingMax", "Vector3D", "Vector", "",0,0,0
			P: "DefaultAttributeIndex", "int", "Integer", "",0
			P: "Lcl Translation", "Lcl Translation", "", "A+",0,0,10
			P: "Lcl Rotation", "Lcl Rotation", "", "A+",0,-0,89.9999751837218
			P: "MaxHandle", "int", "Integer", "UH",1
		}
		Shading: T
		Culling: "CullingOff"
	}
	Model: 2043041652256, "Model::Wings", "LimbNode" {
		Version: 232
		Properties70:  {
			P: "InheritType", "enum", "", "",1
			P: "ScalingMax", "Vector3D", "Vector", "",0,0,0
			P: "DefaultAttributeIndex", "int", "Integer", "",0
			P: "Lcl Translation", "Lcl Translation", "", "A",9.85694980621338,9.68574113358045e-07,0
			P: "Lcl Rotation", "Lcl Rotation", "", "A+",0,-0,6.83018917001272e-06
			P: "MaxHandle", "int", "Integer", "UH",2
		}
		Shading: T
		Culling: "CullingOff"
	}
	Model: 2043041658832, "Model::Wing_L_01", "LimbNode" {
		Version: 232
		Properties70:  {
			P: "InheritType", "enum", "", "",1
			P: "ScalingMax", "Vector3D", "Vector", "",0,0,0
			P: "DefaultAttributeIndex", "int", "Integer", "",0
			P: "Lcl Translation", "Lcl Translation", "", "A",2,-4.54747350886464e-13,-2.27373675443232e-13
			P: "Lcl Rotation", "Lcl Rotation", "", "A+",98.2647022347362,-20.2752495330726,-82.8370260096278
			P: "MaxHandle", "int", "Integer", "UH",3
		}
		Shading: T
		Culling: "CullingOff"
	}
	Model: 2043041641296, "Model::Wing_L_02", "LimbNode" {
		Version: 232
		Properties70:  {
			P: "InheritType", "enum", "", "",1
			P: "ScalingMax", "Vector3D", "Vector", "",0,0,0
			P: "DefaultAttributeIndex", "int", "Integer", "",0
			P: "Lcl Translation", "Lcl Translation", "", "A",24.6185111999512,5.96046447753906e-07,-1.01327896118164e-05
			P: "Lcl Rotation", "Lcl Rotation", "", "A+",-0.0117189482122192,-53.5263412902785,5.88690621213313
			P: "Lcl Scaling", "Lcl Scaling", "", "A",1,0.999999940395355,1.00000023841858
			P: "MaxHandle", "int", "Integer", "UH",4
		}
		Shading: T
		Culling: "CullingOff"
	}
	Model: 2043041639104, "Model::Wing_L_03", "LimbNode" {
		Version: 232
		Properties70:  {
			P: "InheritType", "enum", "", "",1
			P: "ScalingMax", "Vector3D", "Vector", "",0,0,0
			P: "DefaultAttributeIndex", "int", "Integer", "",0
			P: "Lcl Translation", "Lcl Translation", "", "A",28.9918079376221,4.76837158203125e-07,-1.9073486328125e-06
			P: "Lcl Rotation", "Lcl Rotation", "", "A+",0.00181394286658335,-33.3869427604419,-13.3631297532873
			P: "Lcl Scaling", "Lcl Scaling", "", "A",1.00000035762787,1.00000047683716,1
			P: "MaxHandle", "int", "Integer", "UH",5
		}
		Shading: T
		Culling: "CullingOff"
	}
	Model: 2043041665408, "Model::Wing_L_04", "LimbNode" {
		Version: 232
		Properties70:  {
			P: "InheritType", "enum", "", "",1
			P: "ScalingMax", "Vector3D", "Vector", "",0,0,0
			P: "DefaultAttributeIndex", "int", "Integer", "",0
			P: "Lcl Translation", "Lcl Translation", "", "A",28.9295558929443,-7.62939453125e-06,-3.814697265625e-06
			P: "Lcl Rotation", "Lcl Rotation", "", "A+",0.28601207510005,-38.9912643402093,-27.8123661386744
			P: "Lcl Scaling", "Lcl Scaling", "", "A",0.999999582767487,0.999999821186066,1
			P: "MaxHandle", "int", "Integer", "UH",6
		}
		Shading: T
		Culling: "CullingOff"
	}
	Model: 2043041643488, "Model::Wing_L_05", "LimbNode" {
		Version: 232
		Properties70:  {
			P: "InheritType", "enum", "", "",1
			P: "ScalingMax", "Vector3D", "Vector", "",0,0,0
			P: "DefaultAttributeIndex", "int", "Integer", "",0
			P: "Lcl Translation", "Lcl Translation", "", "A",32.8192367553711,1.9073486328125e-05,3.814697265625e-06
			P: "Lcl Rotation", "Lcl Rotation", "", "A+",0.194020382126557,-52.5557752358926,4.9870228124346
			P: "Lcl Scaling", "Lcl Scaling", "", "A",0.99999988079071,1.00000035762787,1
			P: "MaxHandle", "int", "Integer", "UH",7
		}
		Shading: T
		Culling: "CullingOff"
	}
	Model: 2043041645680, "Model::Wing_L_06", "LimbNode" {
		Version: 232
		Properties70:  {
			P: "InheritType", "enum", "", "",1
			P: "ScalingMax", "Vector3D", "Vector", "",0,0,0
			P: "DefaultAttributeIndex", "int", "Integer", "",0
			P: "Lcl Translation", "Lcl Translation", "", "A",24.2197704315186,-3.814697265625e-06,0
			P: "Lcl Rotation", "Lcl Rotation", "", "A+",-0.406235178815581,-40.6426897147377,15.6291377523414
			P: "Lcl Scaling", "Lcl Scaling", "", "A",1.00000023841858,1,0.999999940395355
			P: "MaxHandle", "int", "Integer", "UH",8
		}
		Shading: T
		Culling: "CullingOff"
	}
	Model: 2043041656640, "Model::Wing_L_07", "Null" {
		Version: 232
		Properties70:  {
			P: "InheritType", "enum", "", "",1
			P: "ScalingMax", "Vector3D", "Vector", "",0,0,0
			P: "DefaultAttributeIndex", "int", "Integer", "",0
			P: "Lcl Translation", "Lcl Translation", "", "A",40.9331359863281,-5.7220458984375e-06,0
			P: "Lcl Rotation", "Lcl Rotation", "", "A+",-0.000239056616759922,4.95188499390149e-05,0.628166025822042
			P: "Lcl Scaling", "Lcl Scaling", "", "A",1.00000023841858,1,1.00000023841858
			P: "MaxHandle", "int", "Integer", "UH",9
		}
		Shading: T
		Culling: "CullingOff"
	}
	Model: 2043041661024, "Model::Wing_R_01", "LimbNode" {
		Version: 232
		Properties70:  {
			P: "InheritType", "enum", "", "",1
			P: "ScalingMax", "Vector3D", "Vector", "",0,0,0
			P: "DefaultAttributeIndex", "int", "Integer", "",0
			P: "Lcl Translation", "Lcl Translation", "", "A",2,0,-2.27373675443232e-13
			P: "Lcl Rotation", "Lcl Rotation", "", "A+",-99.8246314306542,-21.2879999671664,95.3490050706068
			P: "Lcl Scaling", "Lcl Scaling", "", "A",1,1,1.00000023841858
			P: "MaxHandle", "int", "Integer", "UH",10
		}
		Shading: T
		Culling: "CullingOff"
	}
	Model: 2043041663216, "Model::Wing_R_02", "LimbNode" {
		Version: 232
		Properties70:  {
			P: "InheritType", "enum", "", "",1
			P: "ScalingMax", "Vector3D", "Vector", "",0,0,0
			P: "DefaultAttributeIndex", "int", "Integer", "",0
			P: "Lcl Translation", "Lcl Translation", "", "A",24.6185169219971,-1.90138816833496e-05,-1.09672546386719e-05
			P: "Lcl Rotation", "Lcl Rotation", "", "A+",0.00829550197868192,-61.7025068819979,-5.88699043168233
			P: "Lcl Scaling", "Lcl Scaling", "", "A",1.00000023841858,1.00000011920929,1
			P: "MaxHandle", "int", "Integer", "UH",11
		}
		Shading: T
		Culling: "CullingOff"
	}
	Model: 2043041650064, "Model::Wing_R_03", "LimbNode" {
		Version: 232
		Properties70:  {
			P: "InheritType", "enum", "", "",1
			P: "ScalingMax", "Vector3D", "Vector", "",0,0,0
			P: "DefaultAttributeIndex", "int", "Integer", "",0
			P: "Lcl Translation", "Lcl Translation", "", "A",28.9918041229248,-2.86102294921875e-06,0
			P: "Lcl Rotation", "Lcl Rotation", "", "A+",-0.0019092241244187,-48.4918892848409,13.3627014495357
			P: "Lcl Scaling", "Lcl Scaling", "", "A",1.00000023841858,1,1
			P: "MaxHandle", "int", "Integer", "UH",12
		}
		Shading: T
		Culling: "CullingOff"
	}
	Model: 2043041647872, "Model::Wing_R_04", "LimbNode" {
		Version: 232
		Properties70:  {
			P: "InheritType", "enum", "", "",1
			P: "ScalingMax", "Vector3D", "Vector", "",0,0,0
			P: "DefaultAttributeIndex", "int", "Integer", "",0
			P: "Lcl Translation", "Lcl Translation", "", "A",28.929557800293,-1.9073486328125e-06,1.1444091796875e-05
			P: "Lcl Rotation", "Lcl Rotation", "", "A+",-0.285702309786038,-31.8670060762657,27.8117977974745
			P: "Lcl Scaling", "Lcl Scaling", "", "A",0.999999642372131,1,1.00000011920929
			P: "MaxHandle", "int", "Integer", "UH",13
		}
		Shading: T
		Culling: "CullingOff"
	}
	Model: 2043043554576, "Model::Wing_R_05", "LimbNode" {
		Version: 232
		Properties70:  {
			P: "InheritType", "enum", "", "",1
			P: "ScalingMax", "Vector3D", "Vector", "",0,0,0
			P: "DefaultAttributeIndex", "int", "Integer", "",0
			P: "Lcl Translation", "Lcl Translation", "", "A",32.8192558288574,1.9073486328125e-06,3.814697265625e-06
			P: "Lcl Rotation", "Lcl Rotation", "", "A+",-0.193499250375398,-59.2791953928789,-4.98801124089738
			P: "Lcl Scaling", "Lcl Scaling", "", "A",1.00000035762787,1.00000011920929,1.00000023841858
			P: "MaxHandle", "int", "Integer", "UH",14
		}
		Shading: T
		Culling: "CullingOff"
	}
	Model: 2043043548000, "Model::Wing_R_06", "LimbNode" {
		Version: 232
		Properties70:  {
			P: "InheritType", "enum", "", "",1
			P: "ScalingMax", "Vector3D", "Vector", "",0,0,0
			P: "DefaultAttributeIndex", "int", "Integer", "",0
			P: "Lcl Translation", "Lcl Translation", "", "A",24.2197551727295,1.9073486328125e-06,-7.62939453125e-06
			P: "Lcl Rotation", "Lcl Rotation", "", "A+",0.407401213689641,-44.3321983966879,-15.6298026008491
			P: "Lcl Scaling", "Lcl Scaling", "", "A",1,1.00000011920929,0.999999940395355
			P: "MaxHandle", "int", "Integer", "UH",15
		}
		Shading: T
		Culling: "CullingOff"
	}
	Model: 2043043550192, "Model::Wing_R_07", "Null" {
		Version: 232
		Properties70:  {
			P: "InheritType", "enum", "", "",1
			P: "ScalingMax", "Vector3D", "Vector", "",0,0,0
			P: "DefaultAttributeIndex", "int", "Integer", "",0
			P: "Lcl Translation", "Lcl Translation", "", "A",40.93310546875,-1.71661376953125e-05,-3.814697265625e-06
			P: "Lcl Rotation", "Lcl Rotation", "", "A+",0.000223688771097209,5.29339776904887e-05,-0.628171560006758
			P: "Lcl Scaling", "Lcl Scaling", "", "A",0.999999940395355,0.999999761581421,0.99999988079071
			P: "MaxHandle", "int", "Integer", "UH",16
		}
		Shading: T
		Culling: "CullingOff"
	}
	Model: 2043043556768, "Model::Angel_Wings_T3", "Mesh" {
		Version: 232
		Properties70:  {
			P: "PreRotation", "Vector3D", "Vector", "",-90,-0,0
			P: "RotationActive", "bool", "", "",1
			P: "InheritType", "enum", "", "",1
			P: "ScalingMax", "Vector3D", "Vector", "",0,0,0
			P: "DefaultAttributeIndex", "int", "Integer", "",0
			P: "UDP3DSMAX", "KString", "", "U", "MapChannel:1 = UVChannel_1&cr;&lf;"
			P: "MaxHandle", "int", "Integer", "UH",17
		}
		Shading: T
		Culling: "CullingOff"
	}
	Pose: 2043041587776, "Pose::BIND_POSES", "BindPose" {
		Type: "BindPose"
		Version: 100
		NbPoseNodes: 1
		PoseNode:  {
			Node: 2043043556768
			Matrix: *16 {
				a: 1,0,0,0,0,0,-1,0,0,1,0,0,0,0,0,1
			} 
		}
	}
	Material: 2042368809712, "Material::Material #26", "" {
		Version: 102
		ShadingModel: "phong"
		MultiLayer: 0
		Properties70:  {
			P: "ShadingModel", "KString", "", "", "phong"
			P: "EmissiveFactor", "Number", "", "A",0
			P: "AmbientColor", "Color", "", "A",0.587999999523163,0.587999999523163,0.587999999523163
			P: "DiffuseColor", "Color", "", "A",0.587999999523163,0.587999999523163,0.587999999523163
			P: "TransparentColor", "Color", "", "A",1,1,1
			P: "SpecularColor", "Color", "", "A",0.899999976158142,0.899999976158142,0.899999976158142
			P: "SpecularFactor", "Number", "", "A",0
			P: "ShininessExponent", "Number", "", "A",2
			P: "Emissive", "Vector3D", "Vector", "",0,0,0
			P: "Ambient", "Vector3D", "Vector", "",0.587999999523163,0.587999999523163,0.587999999523163
			P: "Diffuse", "Vector3D", "Vector", "",0.587999999523163,0.587999999523163,0.587999999523163
			P: "Specular", "Vector3D", "Vector", "",0,0,0
			P: "Shininess", "double", "Number", "",2
			P: "Opacity", "double", "Number", "",1
			P: "Reflectivity", "double", "Number", "",0
		}
	}
	Deformer: 2044159079440, "Deformer::", "Skin" {
		Version: 101
		Link_DeformAcuracy: 50
		SkinningType: "Blend"
		Indexes: *28 {
			a: 0,1,2,3,4,5,6,7,8,9,10,11,12,13,14,15,16,17,18,19,20,21,22,23,24,25,26,27
		} 
		BlendWeights: *28 {
			a: 0,0,0,0,0,0,0,0,0,0,0,0,0,0,0,0,0,0,0,0,0,0,0,0,0,0,0,0
		} 
	}
	Deformer: 2043041559776, "SubDeformer::", "Cluster" {
		Version: 100
		UserData: "", ""
		Indexes: *1 {
			a: 0
		} 
		Weights: *1 {
			a: 1
		} 
		Transform: *16 {
			a: 0.779055633793993,-0.626954776862155,-3.30222778101594e-07,0,-2.78611984520675e-07,1.80505097185524e-07,-0.99999999999989,0,0.626954776862166,0.77905563379406,-3.40536026224226e-08,0,-1.44203301012313e-06,1.24166426492882e-06,1.85694980621401,1
		} 
		TransformLink: *16 {
			a: 0.779055655002594,0.626954793930054,2.78611992143851e-07,0,-0.626954793930015,0.779055655002626,-1.80505102051788e-07,0,-3.30222778101631e-07,-3.40536026836587e-08,1,0,2.51509845838882e-06,-2.27601086848911e-13,-1.85694980621338,1
		} 
	}
	Deformer: 2043041560528, "SubDeformer::", "Cluster" {
		Version: 100
		UserData: "", ""
		Indexes: *2 {
			a: 1,2
		} 
		Weights: *2 {
			a: 1,1
		} 
		Transform: *16 {
			a: 0.712252941955281,-0.701922978920869,-7.8571875849657e-07,0,4.12235025627904e-08,1.16121061646825e-06,-0.99999999999865,0,0.70192297892178,0.712252941954288,8.56011297385272e-07,0,-24.4944063808333,2.46891073748823,1.85695130576542,1
		} 
		TransformLink: *16 {
			a: 0.712252855300903,0.70192289352417,-4.12234975044612e-08,0,-0.701922893524204,0.71225285530087,-1.16121047515057e-06,0,-7.85718758497631e-07,8.56011297325195e-07,1,0,19.1791973114014,15.4346942901611,-1.85694944858551,1
		} 
	}
	Deformer: 2043041570304, "SubDeformer::", "Cluster" {
		Version: 100
		UserData: "", ""
		Indexes: *2 {
			a: 3,15
		} 
		Weights: *2 {
			a: 1,1
		} 
		Transform: *16 {
			a: 1.94707183770625e-07,-0.999999999999962,6.12323399573665e-17,0,0.999999999999962,1.94707183770625e-07,6.12323280349912e-17,0,-6.12323399573653e-17,6.123232803499e-17,1,0,0.143050193786202,2.15353665027947e-06,-1.75187286702753e-17,1
		} 
		TransformLink: *16 {
			a: 1.94707183770632e-07,0,-1,0,-1,6.12323399573688e-17,-1.94707183770632e-07,0,6.12323399573665e-17,1,1.19223764687848e-23,0,2.12568374990951e-06,1.7518596804187e-17,0.143050193786621,1
		} 
	}
	Deformer: 2043041561280, "SubDeformer::", "Cluster" {
		Version: 100
		UserData: "", ""
		Indexes: *2 {
			a: 4,5
		} 
		Weights: *2 {
			a: 1,1
		} 
		Transform: *16 {
			a: 0.860607756504889,-0.509267883982842,-2.85411540129389e-06,0,-1.67076781291907e-06,2.78092951793251e-06,-0.999999999989475,0,0.509267925571566,0.860607686233564,1.54242197470126e-06,0,-52.5008824110054,-10.513123892377,1.85700912122901,1
		} 
		TransformLink: *16 {
			a: 0.860608160495758,0.509268164634704,1.67076859725057e-06,0,-0.509268206212937,0.860608230767601,-2.78093127746295e-06,0,-2.85411540132393e-06,1.54242197465626e-06,1,0,39.8286933898926,35.7847061157227,-1.85695064067841,1
		} 
	}
	Deformer: 2043041571056, "SubDeformer::", "Cluster" {
		Version: 100
		UserData: "", ""
		Indexes: *2 {
			a: 6,7
		} 
		Weights: *2 {
			a: 1,1
		} 
		Transform: *16 {
			a: 0.999535074750822,-0.0304878053239195,-1.50275975140185e-06,0,-1.38105695459019e-06,4.01290680503135e-06,-0.99999999998199,0,0.0304878016936892,0.999535193948808,3.96893574356011e-06,0,-66.2357835454334,-48.5207866058462,1.85679912694409,1
		} 
		TransformLink: *16 {
			a: 0.999535202980042,0.0304878056049347,1.38105713176628e-06,0,-0.0304878019631926,0.999535083768204,-4.01290636262004e-06,0,-1.50275975142891e-06,3.96893574357036e-06,1,0,64.7257080078125,50.5176048278809,-1.85690236091614,1
		} 
	}
	Deformer: 2043041571808, "SubDeformer::", "Cluster" {
		Version: 100
		UserData: "", ""
		Indexes: *2 {
			a: 8,9
		} 
		Weights: *2 {
			a: 1,1
		} 
		Transform: *16 {
			a: 0.996657515558778,-0.0816930999959718,-1.17356081663562e-06,0,-8.0411425109982e-07,4.55527221561832e-06,-0.999999999978603,0,0.0816930950985288,0.996657575352527,4.47435559078428e-06,0,-101.412381832387,-43.3785096658064,1.85674088841812,1
		} 
		TransformLink: *16 {
			a: 0.99665755033493,0.081693097949028,8.04114279162604e-07,0,-0.0816930930426413,0.996657490521745,-4.55527182783405e-06,0,-1.17356081666073e-06,4.47435559081878e-06,1,0,97.5296936035156,51.5181999206543,-1.85685694217682,1
		} 
	}
	Deformer: 2043041566544, "SubDeformer::", "Cluster" {
		Version: 100
		UserData: "", ""
		Indexes: *4 {
			a: 10,11,12,13
		} 
		Weights: *4 {
			a: 1,1,1,1
		} 
		Transform: *16 {
			a: 0.946047428914083,-0.324027956574093,-3.62086806817691e-06,0,-6.14102759714909e-07,9.38159237435788e-06,-0.999999999911609,0,0.324027895535141,0.946047607144123,8.67644485371275e-06,0,-132.438625998353,-11.1865329856136,1.85680984141513,1
		} 
		TransformLink: *16 {
			a: 0.946047604084015,0.324027955532074,6.1410287344188e-07,0,-0.324027894453825,0.946047425774801,-9.38159057572974e-06,0,-3.62086806849696e-06,8.67644485441844e-06,1,0,121.668502807617,53.4967918395996,-1.85683345794678,1
		} 
	}
	Deformer: 2043041574816, "SubDeformer::", "Cluster" {
		Version: 100
		UserData: "", ""
		Indexes: *1 {
			a: 14
		} 
		Weights: *1 {
			a: 1
		} 
		Transform: *16 {
			a: -0.77905621778084,-0.626954152410565,5.48712757659792e-07,0,-4.64353705450724e-07,-2.9819591328177e-07,-0.999999999999695,0,0.62695409986886,-0.779056283069639,-5.8817096543054e-08,0,2.82168440418297e-06,2.13058580308211e-06,1.85694980621143,1
		} 
		TransformLink: *16 {
			a: -0.779056191444397,0.626954078674316,4.6435368979137e-07,0,-0.626954026132482,-0.779056126155878,2.98195853172883e-07,0,5.48712757659959e-07,-5.88170966043043e-08,1,0,2.51509800364147e-06,-2.27601086848911e-13,-1.85694980621338,1
		} 
	}
	Deformer: 2043041562032, "SubDeformer::", "Cluster" {
		Version: 100
		UserData: "", ""
		Indexes: *2 {
			a: 16,17
		} 
		Weights: *2 {
			a: 1,1
		} 
		Transform: *16 {
			a: -0.712253056798112,-0.701922738353737,8.77586415163568e-07,0,1.32152532257106e-07,-1.38435820926139e-06,-0.999999999998066,0,0.70192267918886,-0.712253116833474,1.07877428883853e-06,0,-24.4944007198522,-2.46889831433106,1.8569499870554,1
		} 
		TransformLink: *16 {
			a: -0.712253153324127,0.70192277431488,-1.32152550123712e-07,0,-0.701922715148928,-0.712253093287153,1.38435816345238e-06,0,8.77586415165265e-07,1.07877428877938e-06,1,0,-19.1791915893555,15.4346952438354,-1.85694980621338,1
		} 
	}
	Deformer: 2043041564288, "SubDeformer::", "Cluster" {
		Version: 100
		UserData: "", ""
		Indexes: *2 {
			a: 18,19
		} 
		Weights: *2 {
			a: 1,1
		} 
		Transform: *16 {
			a: -0.860607832312645,-0.509267925231889,2.601309026592e-06,0,-1.31054227997565e-06,-2.89326200043273e-06,-0.999999999989912,0,0.509267815950598,-0.860608016993718,1.82254722076973e-06,0,-52.5008821764923,10.5131342942408,1.85699200831487,1
		} 
		TransformLink: *16 {
			a: -0.860608220100403,0.509268045425415,1.31054287053394e-06,0,-0.509267936134183,-0.860608035417422,2.89326206231834e-06,0,2.60130902661824e-06,1.82254722072688e-06,1,0,-39.8286933898926,35.7847061157227,-1.85695362091064,1
		} 
	}
	Deformer: 2043041567296, "SubDeformer::", "Cluster" {
		Version: 100
		UserData: "", ""
		Indexes: *2 {
			a: 20,21
		} 
		Weights: *2 {
			a: 1,1
		} 
		Transform: *16 {
			a: -0.999535195555175,-0.0304877810250158,1.38320460618949e-06,0,-1.26501905072562e-06,-3.89578076216328e-06,-0.999999999983223,0,0.0304877792122557,-0.999535255147769,3.85540170104547e-06,0,-66.2357828184928,48.520791285354,1.85679903146094,1
		} 
		TransformLink: *16 {
			a: -0.999535083770752,0.030487775802612,1.26501890925231e-06,0,-0.0304877739795863,-0.999535024164899,3.89577986182506e-06,0,1.38320460621269e-06,3.85540170104892e-06,1,0,-64.725700378418,50.5176048278809,-1.85690426826477,1
		} 
	}
	Deformer: 2043041569552, "SubDeformer::", "Cluster" {
		Version: 100
		UserData: "", ""
		Indexes: *2 {
			a: 22,23
		} 
		Weights: *2 {
			a: 1,1
		} 
		Transform: *16 {
			a: -0.996657566515008,-0.0816927912471877,1.36164742275789e-06,0,-9.76200355903851e-07,-4.75819242347434e-06,-0.999999999976407,0,0.0816927863508712,-0.996657626307262,4.66253959438407e-06,0,-101.412370576467,43.3785427798804,1.85675156409991,1
		} 
		TransformLink: *16 {
			a: -0.99665755033493,0.0816927850246427,9.76200340060884e-07,0,-0.0816927801172961,-0.996657490521825,4.75819177515335e-06,0,1.36164742279002e-06,4.66253959443284e-06,1,0,-97.5296936035156,51.5181999206543,-1.85685896873474,1
		} 
	}
	Deformer: 2043041575568, "SubDeformer::", "Cluster" {
		Version: 100
		UserData: "", ""
		Indexes: *4 {
			a: 24,25,26,27
		} 
		Weights: *4 {
			a: 1,1,1,1
		} 
		Transform: *16 {
			a: -0.946047593358204,-0.324027662202699,3.52901948021761e-06,0,-4.05224506491873e-07,-9.70799015700547e-06,-0.999999999905591,0,0.32402768363751,-0.946047530788189,9.05291747541567e-06,0,-132.43863505803,11.1865653226277,1.85678043359492,1
		} 
		TransformLink: *16 {
			a: -0.946047604084015,0.324027687311172,4.05224511105945e-07,0,-0.324027708708056,-0.946047666567579,9.70799155026546e-06,0,3.52901948055078e-06,9.05291747620913e-06,1,0,-121.668502807617,53.4967918395996,-1.85683536529541,1
		} 
	}
	Video: 2042373423424, "Video::Map #10", "Clip" {
		Type: "Clip"
		Properties70:  {
			P: "Path", "KString", "XRefUrl", "", "C:\Users\Administrator\Desktop\翅膀\翅膀\uploads_files_693885_Obj+Format+&+Textures\maps\Angel_Wings_T3_D.png"
			P: "RelPath", "KString", "XRefUrl", "", "翅膀\翅膀\uploads_files_693885_Obj+Format+&+Textures\maps\Angel_Wings_T3_D.png"
		}
		UseMipMap: 0
		Filename: "C:\Users\Administrator\Desktop\翅膀\翅膀\uploads_files_693885_Obj+Format+&+Textures\maps\Angel_Wings_T3_D.png"
		RelativeFilename: "翅膀\翅膀\uploads_files_693885_Obj+Format+&+Textures\maps\Angel_Wings_T3_D.png"
	}
